Chose device: name='Tesla K40m' index=0 id=0xf95100
Adjust repeat factor = 3.67321
DP Supported

test		atts		units	median	mean	stddev		min	max	trial0	trial1	trial2	trial3	trial4	trial5	trial6	trial7	trial8	trial9	
Add1-DP		Size:2097152	GFLOPS	706.019	706.081	0.239388	705.699	706.457	706.301	705.699	706.005	705.94	706.325	706.312	705.936	706.033	705.804	706.457	
Add1-DP		Size:8388608	GFLOPS	707.766	707.752	0.0924957	707.584	707.858	707.727	707.852	707.843	707.762	707.798	707.733	707.584	707.771	707.597	707.858	
Add1-SP		Size:2097152	GFLOPS	1418.96	1418.84	0.89665		1417.38	1420.45	1419.26	1419.01	1419.46	1418.9	1420.45	1417.38	1419.66	1418.54	1418.06	1417.68	
Add1-SP		Size:8388608	GFLOPS	1425.36	1425.4	0.17865		1425.18	1425.71	1425.34	1425.25	1425.21	1425.66	1425.71	1425.26	1425.38	1425.18	1425.46	1425.55	
Add16-DP	Size:2097152	GFLOPS	707.486	707.495	0.350012	706.833	708.115	707.492	707.385	707.48	707.838	706.833	707.075	707.427	707.505	708.115	707.798	
Add16-DP	Size:8388608	GFLOPS	708.353	708.384	0.0598768	708.311	708.498	708.311	708.348	708.455	708.346	708.349	708.498	708.344	708.462	708.371	708.358	
Add16-SP	Size:2097152	GFLOPS	1836.87	1837.11	1.01239		1835	1838.54	1836.83	1835	1836.28	1838.51	1836.78	1837.82	1836.91	1837.64	1838.54	1836.83	
Add16-SP	Size:8388608	GFLOPS	1842.04	1842.03	0.208927	1841.75	1842.42	1841.81	1841.98	1841.75	1842.42	1841.76	1842.31	1842.07	1842.06	1842.04	1842.04	
Add2-DP		Size:2097152	GFLOPS	706.431	706.438	0.233939	706.11	706.802	706.11	706.802	706.12	706.63	706.3	706.546	706.546	706.316	706.282	706.734	
Add2-DP		Size:8388608	GFLOPS	708.012	707.995	0.117079	707.683	708.136	707.996	707.683	708.021	707.932	708.003	707.996	708.02	708.136	708.072	708.088	
Add2-SP		Size:2097152	GFLOPS	1827.94	1827.47	1.88945		1824.14	1829.78	1824.76	1824.14	1826.13	1827.76	1828.87	1829.51	1829.78	1828.13	1829.06	1826.53	
Add2-SP		Size:8388608	GFLOPS	1834.42	1834.12	0.852658	1832.75	1835.44	1834.47	1835.44	1833.46	1832.75	1833.19	1834.63	1833.29	1834.47	1834.37	1835.16	
Add4-DP		Size:2097152	GFLOPS	706.144	706.113	0.229324	705.511	706.371	706.342	705.974	706.371	706.147	706.14	706.114	706.213	706.094	705.511	706.225	
Add4-DP		Size:8388608	GFLOPS	707.558	707.561	0.0678479	707.413	707.662	707.662	707.576	707.57	707.601	707.538	707.655	707.546	707.521	707.528	707.413	
Add4-SP		Size:2097152	GFLOPS	1866.59	1866.33	1.37184		1864.22	1868.3	1868.3	1864.81	1864.42	1867.27	1866.3	1867.89	1866.87	1866.01	1867.23	1864.22	
Add4-SP		Size:8388608	GFLOPS	1870.49	1870.1	1.48482		1867.58	1872.26	1871.06	1870.21	1867.58	1867.89	1869.26	1869.33	1870.8	1872.26	1870.78	1871.83	
Add8-DP		Size:2097152	GFLOPS	705.983	705.924	0.695928	704.036	706.635	705.752	706.545	706.635	706.496	706.006	705.842	706.043	704.036	705.961	705.923	
Add8-DP		Size:8388608	GFLOPS	707.362	707.369	0.0860893	707.271	707.529	707.287	707.382	707.418	707.29	707.342	707.271	707.529	707.435	707.465	707.273	
Add8-SP		Size:2097152	GFLOPS	1810.9	1810.47	1.57087		1807.96	1813.35	1811.9	1808.65	1811.26	1813.35	1808.84	1810.78	1811.03	1811.17	1809.76	1807.96	
Add8-SP		Size:8388608	GFLOPS	1795.58	1795.68	0.473941	1794.76	1796.41	1795.96	1796.41	1796.35	1795.21	1795.6	1795.92	1794.76	1795.57	1795.53	1795.53	
MAdd1-DP	Size:2097152	GFLOPS	1413.62	1413.58	0.43582		1412.69	1414.3	1413.66	1413.35	1413.92	1413.21	1414.07	1414.3	1412.69	1413.6	1413.64	1413.42	
MAdd1-DP	Size:8388608	GFLOPS	1416.91	1416.87	0.165454	1416.62	1417.09	1416.93	1416.77	1417.06	1416.62	1416.67	1416.67	1416.92	1417.09	1417.05	1416.89	
MAdd1-SP	Size:2097152	GFLOPS	2832.69	2832.72	1.34797		2830.69	2834.97	2832.55	2830.69	2832.84	2834.97	2834.2	2833.09	2831.14	2834.15	2831.41	2832.12	
MAdd1-SP	Size:8388608	GFLOPS	2845.57	2845.55	0.238654	2845.08	2845.94	2845.08	2845.61	2845.53	2845.82	2845.27	2845.64	2845.94	2845.68	2845.46	2845.44	
MAdd16-DP	Size:2097152	GFLOPS	1409.15	1409.1	0.299159	1408.42	1409.51	1409.51	1409.22	1409.01	1408.88	1409.49	1408.42	1409.16	1409.18	1409.15	1408.96	
MAdd16-DP	Size:8388608	GFLOPS	1410.9	1410.92	0.16259		1410.6	1411.19	1410.6	1410.97	1410.98	1410.93	1410.87	1411.19	1410.85	1410.78	1411.15	1410.86	
MAdd16-SP	Size:2097152	GFLOPS	3661.12	3661	2.87881		3655.8	3664.59	3661.11	3659.74	3664.32	3664.59	3662.74	3657.84	3664.3	3661.12	3658.46	3655.8	
MAdd16-SP	Size:8388608	GFLOPS	3670.8	3670.8	0.455986	3669.86	3671.42	3671	3671.42	3670.8	3670.4	3670.54	3670.56	3671.25	3669.86	3671.32	3670.8	
MAdd2-DP	Size:2097152	GFLOPS	1414.5	1414.6	0.556855	1413.83	1415.69	1414.14	1415.14	1415.17	1414.3	1415.69	1413.83	1414.07	1414.7	1414.26	1414.72	
MAdd2-DP	Size:8388608	GFLOPS	1417.45	1417.5	0.235729	1417.15	1417.85	1417.38	1417.15	1417.39	1417.62	1417.19	1417.35	1417.85	1417.8	1417.51	1417.75	
MAdd2-SP	Size:2097152	GFLOPS	2839.02	2839.16	1.29747		2837.03	2841.31	2837.97	2837.03	2838.67	2839.25	2837.78	2839.76	2840.64	2841.31	2838.8	2840.35	
MAdd2-SP	Size:8388608	GFLOPS	2848.85	2848.81	0.320455	2848.21	2849.37	2849.37	2848.84	2848.86	2848.93	2849.07	2848.35	2849.01	2848.21	2848.72	2848.7	
MAdd4-DP	Size:2097152	GFLOPS	1412.82	1412.8	0.534812	1411.98	1413.64	1412.22	1412.43	1412.28	1412.9	1413.64	1413.24	1411.98	1412.74	1413.07	1413.47	
MAdd4-DP	Size:8388608	GFLOPS	1416.19	1416.23	0.151908	1416.01	1416.53	1416.18	1416.53	1416.2	1416.26	1416.22	1416.47	1416.13	1416.14	1416.01	1416.13	
MAdd4-SP	Size:2097152	GFLOPS	3331.05	3334.4	6.16154		3328.35	3346.2	3346.2	3341.98	3331.5	3328.35	3330.37	3328.4	3329.07	3330.6	3337.14	3340.35	
MAdd4-SP	Size:8388608	GFLOPS	3339.33	3338.62	6.92748		3325.64	3346.94	3340.66	3345.97	3338	3346.94	3336.98	3345.34	3330.02	3325.64	3332.74	3343.85	
MAdd8-DP	Size:2097152	GFLOPS	1410.74	1410.66	0.886273	1409.32	1412.13	1411.96	1410.6	1409.32	1409.77	1409.55	1410.9	1410.88	1410.61	1412.13	1410.9	
MAdd8-DP	Size:8388608	GFLOPS	1413.69	1413.59	0.219039	1413.14	1413.86	1413.68	1413.37	1413.46	1413.86	1413.8	1413.69	1413.78	1413.14	1413.69	1413.41	
MAdd8-SP	Size:2097152	GFLOPS	3665.41	3664.89	2.59363		3660.27	3668.01	3663.65	3660.27	3660.69	3665.26	3667.42	3667.88	3665.57	3668.01	3665.79	3664.33	
MAdd8-SP	Size:8388608	GFLOPS	3674.01	3673.9	0.509841	3672.82	3674.55	3672.82	3673.89	3674.26	3673.89	3673.22	3674.13	3674.55	3674.33	3673.64	3674.24	
MAddU-DP	Size:4194304	GFLOPS	1390.59	1390.63	1.00997		1388.64	1392.58	1390.05	1390.92	1390.06	1391.2	1388.64	1391.14	1390.25	1392.58	1391.41	1390.05	
MAddU-SP	Size:4194304	GFLOPS	2471.4	2471.98	2.49202		2468.08	2476.54	2474.81	2474.57	2472.42	2470.56	2469.44	2476.54	2470.57	2471.36	2471.44	2468.08	
Mul1-DP		Size:2097152	GFLOPS	710.027	710.066	0.433917	709.283	710.649	709.925	710.649	709.283	710.543	710.129	709.539	710.223	710.614	709.925	709.832	
Mul1-DP		Size:8388608	GFLOPS	712.453	712.463	0.126877	712.224	712.693	712.559	712.224	712.393	712.588	712.451	712.455	712.693	712.495	712.449	712.323	
Mul1-SP		Size:2097152	GFLOPS	1420.5	1420.3	1.10023		1418.73	1422.29	1418.86	1422.29	1421.25	1418.73	1420.25	1419.71	1421.03	1420.92	1420.75	1419.19	
Mul1-SP		Size:8388608	GFLOPS	1427.44	1427.41	0.179637	1427.05	1427.63	1427.05	1427.57	1427.32	1427.48	1427.41	1427.63	1427.31	1427.51	1427.62	1427.19	
Mul16-DP	Size:2097152	GFLOPS	712.263	712.219	0.317299	711.802	712.625	712.579	712.57	712.625	712	712.381	712.416	711.824	711.845	712.146	711.802	
Mul16-DP	Size:8388608	GFLOPS	713.336	713.253	0.161419	712.896	713.435	713.085	713.311	713.135	713.198	712.896	713.377	713.361	713.364	713.435	713.364	
Mul16-SP	Size:2097152	GFLOPS	1837.58	1837.82	1.09143		1836.33	1839.67	1839.14	1836.42	1839.67	1837.63	1837.54	1836.94	1838.86	1836.33	1838.42	1837.3	
Mul16-SP	Size:8388608	GFLOPS	1838.26	1838.26	0.457066	1837.48	1838.84	1838.14	1838.84	1837.71	1837.98	1838.8	1837.98	1837.48	1838.83	1838.49	1838.38	
Mul2-DP		Size:2097152	GFLOPS	710.856	710.956	0.463412	710.448	711.825	711.061	711.825	710.549	710.62	710.651	711.319	711.067	710.458	710.448	711.556	
Mul2-DP		Size:8388608	GFLOPS	713.024	713.037	0.0981363	712.874	713.225	713.225	713.118	713.016	712.954	713.152	712.971	712.983	713.032	713.045	712.874	
Mul2-SP		Size:2097152	GFLOPS	1832.84	1832.41	0.904896	1830.75	1833.61	1832.88	1832.88	1831.18	1833.1	1833.03	1830.75	1832.8	1833.61	1831.39	1832.49	
Mul2-SP		Size:8388608	GFLOPS	1839.96	1839.88	0.794677	1838.81	1841.76	1838.81	1839.03	1839.13	1839.99	1840.05	1840.16	1841.76	1840.3	1839.93	1839.65	
Mul4-DP		Size:2097152	GFLOPS	711.944	711.951	0.315038	711.31	712.365	712.224	712.213	711.854	712.365	711.594	711.31	712.033	712.257	711.832	711.826	
Mul4-DP		Size:8388608	GFLOPS	713.187	713.165	0.147093	712.886	713.369	713.16	712.98	713.1	712.886	713.266	713.268	713.214	713.074	713.33	713.369	
Mul4-SP		Size:2097152	GFLOPS	1691.67	1692.07	1.32465		1690.51	1694.55	1694.06	1691.36	1690.51	1692.75	1690.62	1691.86	1691.49	1694.55	1692.55	1690.93	
Mul4-SP		Size:8388608	GFLOPS	1695.13	1695.34	1.70223		1692.56	1698.2	1692.56	1694.58	1696.61	1697.56	1698.2	1695.68	1696.09	1694.39	1693.76	1693.96	
Mul8-DP		Size:2097152	GFLOPS	711.529	711.546	0.479212	710.867	712.34	711.407	711.65	710.898	711.677	712.34	711.298	711.977	710.867	711.193	712.15	
Mul8-DP		Size:8388608	GFLOPS	712.982	713.002	0.0738012	712.888	713.124	712.993	712.971	713.124	712.888	712.998	713.111	713.077	712.94	712.962	712.951	
Mul8-SP		Size:2097152	GFLOPS	1828.71	1828.9	1.55088		1826.82	1831.84	1826.82	1828.53	1828.95	1826.92	1828.89	1830.96	1827.8	1831.84	1828.27	1829.99	
Mul8-SP		Size:8388608	GFLOPS	1824.66	1824.68	0.259582	1824.35	1825.13	1824.48	1824.35	1825.12	1825.13	1824.68	1824.63	1824.4	1824.47	1824.74	1824.76	
MulMAdd1-DP	Size:2097152	GFLOPS	1053.51	1053.22	0.500695	1052.21	1053.73	1053.6	1053.07	1053.54	1052.86	1053.63	1053.73	1053.48	1053.55	1052.53	1052.21	
MulMAdd1-DP	Size:8388608	GFLOPS	1055.81	1055.84	0.162593	1055.63	1056.2	1055.67	1055.63	1055.83	1055.79	1056.2	1055.92	1055.71	1055.92	1055.75	1055.98	
MulMAdd1-SP	Size:2097152	GFLOPS	2125.32	2125.39	0.436664	2124.85	2126.41	2126.41	2125.46	2124.85	2125.55	2125.08	2125.11	2125.54	2125.18	2125.75	2124.99	
MulMAdd1-SP	Size:8388608	GFLOPS	2134.48	2134.49	0.153419	2134.19	2134.7	2134.69	2134.37	2134.7	2134.19	2134.45	2134.62	2134.51	2134.54	2134.44	2134.34	
MulMAdd2-DP	Size:2097152	GFLOPS	1055.49	1055.56	0.339094	1055.11	1056.26	1055.38	1056.26	1055.6	1055.31	1055.28	1055.83	1055.88	1055.27	1055.72	1055.11	
MulMAdd2-DP	Size:8388608	GFLOPS	1057.19	1057.2	0.198356	1056.7	1057.5	1057.32	1056.7	1057.18	1057.39	1057.18	1057.18	1057.19	1057.2	1057.2	1057.5	
MulMAdd2-SP	Size:2097152	GFLOPS	2128.05	2127.88	1.45399		2126.17	2130.27	2126.22	2128.02	2128.65	2129.63	2126.28	2126.17	2126.42	2130.27	2129.05	2128.08	
MulMAdd2-SP	Size:8388608	GFLOPS	2135.19	2135.12	0.523633	2134.03	2135.72	2135.62	2135.05	2134.03	2135.6	2134.61	2135.54	2135.26	2135.11	2135.72	2134.63	
MulMAdd4-DP	Size:2097152	GFLOPS	1055.76	1055.58	0.622953	1054.34	1056.33	1055.69	1056.33	1055.82	1054.6	1055.58	1056.22	1055.87	1055.36	1054.34	1056.03	
MulMAdd4-DP	Size:8388608	GFLOPS	1057.44	1057.47	0.153324	1057.23	1057.76	1057.39	1057.42	1057.61	1057.56	1057.76	1057.35	1057.23	1057.31	1057.47	1057.59	
MulMAdd4-SP	Size:2097152	GFLOPS	2591.38	2591.38	1.68788		2588.37	2594.23	2592.02	2589.43	2588.37	2591.7	2590.42	2590.6	2592.62	2591.05	2594.23	2593.33	
MulMAdd4-SP	Size:8388608	GFLOPS	2598.28	2598.38	1.25884		2596.39	2600.45	2599.15	2600.35	2600.45	2598.46	2596.39	2596.96	2598.54	2598.09	2597.55	2597.82	
MulMAdd8-DP	Size:2097152	GFLOPS	1052.66	1052.69	0.292754	1051.97	1053.14	1053.14	1052.65	1051.97	1053.02	1052.66	1052.81	1052.72	1052.63	1052.67	1052.64	
MulMAdd8-DP	Size:8388608	GFLOPS	1054.5	1054.41	0.199056	1054.06	1054.69	1054.28	1054.06	1054.49	1054.51	1054.69	1054.39	1054.5	1054.54	1054.07	1054.53	
MulMAdd8-SP	Size:2097152	GFLOPS	2654.57	2654.67	1.2994		2652.36	2657.45	2655.07	2654.27	2654.71	2657.45	2654.44	2653.73	2653.84	2654.83	2652.36	2656.04	
MulMAdd8-SP	Size:8388608	GFLOPS	2661.95	2662.01	0.470452	2661.14	2663.01	2663.01	2662.48	2662.17	2661.82	2661.84	2661.14	2662	2661.89	2661.64	2662.08	
MulMAddU-DP	Size:4194304	GFLOPS	1072.6	1072.56	0.174636	1072.14	1072.75	1072.36	1072.63	1072.14	1072.57	1072.75	1072.64	1072.67	1072.53	1072.73	1072.55	
MulMAddU-SP	Size:4194304	GFLOPS	2541.01	2540.94	0.675174	2539.82	2541.92	2540.77	2540.42	2541.41	2540.01	2540.66	2541.92	2541.26	2541.7	2539.82	2541.39	

Note: Any results marked with (*) had missing values.
      This can occur on systems with a mixture of
      device types or architectural capabilities.
