Chose device: name='Tesla K40m' index=0 id=0x2431100
Adjust repeat factor = 14.1345
DP Supported

test		atts		units	median	mean	stddev		min	max	trial0	trial1	trial2	trial3	trial4	trial5	trial6	trial7	trial8	trial9	
Add1-DP		Size:2097152	GFLOPS	707.089	706.968	0.212989	706.574	707.205	706.574	707.1	707.109	707.099	706.737	707.205	707.134	707.08	706.983	706.661	
Add1-SP		Size:2097152	GFLOPS	1423.04	1423.05	0.612723	1422.09	1424.01	1422.13	1423.07	1423.25	1422.09	1423.01	1423.8	1422.77	1422.78	1424.01	1423.61	
Add16-DP	Size:2097152	GFLOPS	708.496	708.393	0.349011	707.639	708.894	707.639	707.924	708.516	708.239	708.494	708.499	708.684	708.551	708.486	708.894	
Add16-SP	Size:2097152	GFLOPS	1837.6	1837.32	0.825726	1835.98	1838.48	1837.06	1838.48	1837.97	1837.88	1835.98	1838.02	1837.76	1837.44	1836.23	1836.33	
Add2-DP		Size:2097152	GFLOPS	707.451	707.433	0.245011	706.886	707.929	707.443	707.322	707.346	707.46	707.374	706.886	707.929	707.541	707.468	707.566	
Add2-SP		Size:2097152	GFLOPS	1833.67	1833.68	0.718736	1832.6	1834.77	1832.6	1833.46	1833.65	1834.51	1832.94	1833.69	1834.47	1832.77	1834.77	1833.93	
Add4-DP		Size:2097152	GFLOPS	707.367	707.233	0.323619	706.493	707.568	707.11	707.349	706.858	706.493	707.385	707.429	707.563	707.432	707.568	707.139	
Add4-SP		Size:2097152	GFLOPS	1875.27	1875.19	1.35621		1873.32	1876.84	1873.32	1874.37	1876.84	1876.72	1873.8	1874	1876.22	1873.84	1876.6	1876.17	
Add8-DP		Size:2097152	GFLOPS	707.359	707.229	0.340821	706.746	707.759	707.324	707.489	707.137	707.49	707.759	707.425	707.393	706.755	706.776	706.746	
Add8-SP		Size:2097152	GFLOPS	1793.97	1793.86	1.01207		1792.27	1795.64	1794.32	1792.36	1794.55	1794.02	1793.92	1793.56	1792.27	1793.15	1794.86	1795.64	
MAdd1-DP	Size:2097152	GFLOPS	1416	1415.94	0.630435	1414.85	1416.93	1415.74	1414.92	1415.96	1416.62	1416.25	1416.33	1415.82	1414.85	1416.93	1416.03	
MAdd1-SP	Size:2097152	GFLOPS	2840.8	2840.84	1.48044		2837.55	2842.85	2842.68	2839.88	2840.6	2841	2841.55	2840.2	2837.55	2842.85	2840.14	2841.97	
MAdd16-DP	Size:2097152	GFLOPS	1413.35	1413.46	0.320287	1413.18	1414.19	1413.35	1413.2	1413.4	1413.34	1413.96	1413.39	1413.25	1413.3	1414.19	1413.18	
MAdd16-SP	Size:2097152	GFLOPS	3667.49	3667.13	1.70236		3663.28	3669.15	3669.15	3663.28	3668.26	3665.65	3668.08	3666.9	3666.73	3668.88	3668.26	3666.07	
MAdd2-DP	Size:2097152	GFLOPS	1417.6	1417.63	0.492825	1416.51	1418.57	1417.36	1417.84	1417.56	1417.89	1417.64	1417.44	1416.51	1418.57	1417.89	1417.57	
MAdd2-SP	Size:2097152	GFLOPS	2847.51	2847.66	1.07101		2846.1	2849.71	2846.1	2847.51	2848.49	2848.6	2848.35	2847.16	2846.39	2849.71	2846.72	2847.51	
MAdd4-DP	Size:2097152	GFLOPS	1417.8	1417.45	0.92684		1415.57	1418.84	1417.62	1417.68	1416.38	1415.57	1417.96	1416.53	1418.01	1417.93	1417.95	1418.84	
MAdd4-SP	Size:2097152	GFLOPS	3391.53	3392.57	3.03211		3387.2	3396.56	3392.11	3396.04	3395.37	3390.95	3390.41	3395.93	3390.92	3396.56	3390.17	3387.2	
MAdd8-DP	Size:2097152	GFLOPS	1415.69	1415.67	0.809279	1414.35	1416.96	1414.84	1416.87	1415.66	1415.85	1415.72	1415.6	1414.78	1414.35	1416.96	1416.09	
MAdd8-SP	Size:2097152	GFLOPS	3672.25	3672.15	2.15542		3669.19	3676.4	3672.25	3674.22	3669.55	3672.74	3672.19	3676.4	3672.25	3669.49	3669.19	3673.21	
MAddU-DP	Size:4194304	GFLOPS	1395.36	1395.23	0.661023	1394.2	1396.14	1394.2	1395.25	1395.67	1394.48	1395.77	1396.06	1396.14	1395.48	1394.66	1394.62	
MAddU-SP	Size:4194304	GFLOPS	2501.21	2501.38	2.04229		2497.81	2505.59	2502.52	2505.59	2497.81	2499.32	2503.15	2500.5	2501.33	2500.35	2501.08	2502.14	
Mul1-DP		Size:2097152	GFLOPS	710.495	710.376	0.66322		709.028	711.643	710.734	710.409	711.643	710.703	709.028	709.775	710.58	709.977	710.74	710.169	
Mul1-SP		Size:2097152	GFLOPS	1425.46	1425.66	0.690288	1424.22	1426.93	1425.5	1426.27	1425.4	1425.8	1426.29	1425.41	1426.93	1424.22	1425.37	1425.41	
Mul16-DP	Size:2097152	GFLOPS	713.057	713.024	0.349382	712.503	713.685	713.685	713.23	713.061	712.61	712.503	713.029	713.056	713.059	713.385	712.619	
Mul16-SP	Size:2097152	GFLOPS	1836.04	1836.27	0.817561	1835.06	1837.93	1835.06	1836.51	1836.77	1836.01	1836.06	1835.28	1835.91	1837.93	1837.18	1835.95	
Mul2-DP		Size:2097152	GFLOPS	711.595	711.555	0.685181	710.271	712.468	712.468	711.363	712.155	711.204	711.663	711.528	710.589	710.271	712.264	712.048	
Mul2-SP		Size:2097152	GFLOPS	1841.47	1841.36	0.998409	1839.3	1842.78	1841.98	1842.78	1841.28	1841.32	1840.54	1839.3	1841.62	1840.37	1841.88	1842.5	
Mul4-DP		Size:2097152	GFLOPS	712.024	711.986	0.567692	710.659	712.641	712.258	711.977	712.531	712.07	711.867	711.918	710.659	712.641	711.404	712.532	
Mul4-SP		Size:2097152	GFLOPS	1720.16	1719.95	1.28118		1716.95	1721.71	1716.95	1720.5	1720.06	1719.06	1719.06	1720.26	1720.71	1719.9	1721.27	1721.71	
Mul8-DP		Size:2097152	GFLOPS	711.688	711.771	0.594587	710.848	712.671	711.907	711.37	711.997	711.47	712.493	712.671	712.437	711.089	711.423	710.848	
Mul8-SP		Size:2097152	GFLOPS	1822.39	1822.67	0.900604	1821.2	1824.3	1823.26	1822.44	1822.32	1823.69	1824.3	1822.23	1823.31	1822.34	1821.66	1821.2	
MulMAdd1-DP	Size:2097152	GFLOPS	1055.16	1054.96	0.559323	1053.64	1055.55	1055.29	1055.55	1055.34	1053.64	1054.34	1054.82	1055.18	1054.83	1055.15	1055.48	
MulMAdd1-SP	Size:2097152	GFLOPS	2130.39	2130.12	0.726075	2129.06	2130.99	2130.93	2129.12	2130.39	2129.95	2129.13	2130.53	2130.39	2129.06	2130.99	2130.76	
MulMAdd2-DP	Size:2097152	GFLOPS	1056.27	1056.34	0.445432	1055.49	1056.93	1056.22	1056.26	1056.92	1055.49	1056.7	1056.21	1056.93	1055.75	1056.58	1056.29	
MulMAdd2-SP	Size:2097152	GFLOPS	2131.36	2131.39	1.17477		2129.9	2133.14	2132.56	2129.95	2131.01	2130.95	2132.99	2129.99	2129.9	2131.74	2131.71	2133.14	
MulMAdd4-DP	Size:2097152	GFLOPS	1056.88	1056.85	0.376547	1056.02	1057.27	1056.77	1056.41	1056.83	1056.02	1057.18	1056.74	1057.27	1056.93	1057.2	1057.16	
MulMAdd4-SP	Size:2097152	GFLOPS	2604.48	2604.64	0.8932		2602.8	2606.04	2604.42	2606.04	2605.4	2605.09	2604.54	2604.28	2602.8	2604.22	2603.95	2605.64	
MulMAdd8-DP	Size:2097152	GFLOPS	1053.84	1053.68	0.570362	1052.26	1054.36	1053.76	1053.81	1053.33	1053.88	1054.36	1052.26	1053.87	1054.23	1053.32	1054.01	
MulMAdd8-SP	Size:2097152	GFLOPS	2663.24	2662.83	1.16065		2660.98	2664.07	2663.19	2663.99	2660.98	2661.89	2662.11	2664.06	2663.28	2664.07	2661.03	2663.64	
MulMAddU-DP	Size:4194304	GFLOPS	1073.47	1073.5	0.225201	1073.18	1073.93	1073.34	1073.27	1073.49	1073.59	1073.46	1073.63	1073.18	1073.35	1073.8	1073.93	
MulMAddU-SP	Size:4194304	GFLOPS	2588.19	2588.21	1.3944		2585.42	2590.92	2588.14	2590.92	2586.75	2588.83	2589.37	2588.23	2588	2585.42	2587.75	2588.64	

Note: Any results marked with (*) had missing values.
      This can occur on systems with a mixture of
      device types or architectural capabilities.
